# generated by Slic3r Prusa Edition 1.39.0 on 2019-07-24 at 11:57:41
bed_shape = 54.6987x5.74906,53.7981x11.4351,52.3081x16.9959,50.245x22.3705,47.6314x27.5,44.4959x32.3282,40.873x36.8022,36.8022x40.873,32.3282x44.4959,27.5x47.6314,22.3705x50.245,16.9959x52.3081,11.4351x53.7981,5.74906x54.6987,0x55,-5.74906x54.6987,-11.4351x53.7981,-16.9959x52.3081,-22.3705x50.245,-27.5x47.6314,-32.3282x44.4959,-36.8022x40.873,-40.873x36.8022,-44.4959x32.3282,-47.6314x27.5,-50.245x22.3705,-52.3081x16.9959,-53.7981x11.4351,-54.6987x5.74906,-55x0,-54.6987x-5.74906,-53.7981x-11.4351,-52.3081x-16.9959,-50.245x-22.3705,-47.6314x-27.5,-44.4959x-32.3282,-40.873x-36.8022,-36.8022x-40.873,-32.3282x-44.4959,-27.5x-47.6314,-22.3705x-50.245,-16.9959x-52.3081,-11.4351x-53.7981,-5.74906x-54.6987,0x-55,5.74906x-54.6987,11.4351x-53.7981,16.9959x-52.3081,22.3705x-50.245,27.5x-47.6314,32.3282x-44.4959,36.8022x-40.873,40.873x-36.8022,44.4959x-32.3282,47.6314x-27.5,50.245x-22.3705,52.3081x-16.9959,53.7981x-11.4351,54.6987x-5.74906,55x0
before_layer_gcode = 
between_objects_gcode = 
deretract_speed = 0
end_gcode = M104 S0 ; turn off hot end\nM140 S0 ; turn off heated bed\nG28  ; home all axes\nM84     ; disable motors\nG4 S420 ; pause for 420 seconds to allow the fan to cool the hot end\nM107 S0 ; turn off hot end fan\n
extruder_colour = ""
extruder_offset = 0x0
gcode_flavor = reprap
layer_gcode = 
max_layer_height = 0
min_layer_height = 0.07
nozzle_diameter = 0.4
octoprint_apikey = 
octoprint_host = 
printer_notes = 
retract_before_travel = 2
retract_before_wipe = 0%
retract_layer_change = 0
retract_length = 5
retract_length_toolchange = 10
retract_lift = 0.5
retract_lift_above = 0
retract_lift_below = 0
retract_restart_extra = 0
retract_restart_extra_toolchange = 0
retract_speed = 60
serial_port = 
serial_speed = 250000
single_extruder_multi_material = 0
start_gcode = ; Monoprice Mini Delta\n; Updates recommended in facbook minidelta groups\nM92 X57.14 Y57.14 Z57.14 ; Update steps per mm\nM665 L123.00 R63.50 ; Update diagonal  rod length and delta radius\n;\nM140 S[first_layer_bed_temperature] ; set bed temp\nM190 S[first_layer_bed_temperature] ; wait for bed temp\nM104 S[first_layer_temperature] T0 ; set extruder temp\nM109 S[first_layer_temperature] T0 ; wait for extruder temp\nG92 E0 ; reset extrusion distance\nG28 ; Start from home position\nG1 E-6 F900 ; retract 6mm of filament before starting the bed leveling process\nG92 E0 ; reset extrusion distance\nG4 S5 ; Pause for 5 seconds to allow time for removing extruded filament\nG29 P6 Z0.45 ;If your first layer is too far from the bed then lower the Z number, if it is to close, then raise it.\nG1 Z60 ; raise Z 60mm to prepare for priming the nozzle\nG1 E20 F300 ; extrude 20mm of filament to help prime the nozzle just prior to the start of the print\nG92 E0 ; reset extrusion distance\nG4 S10 ; Pause for 10 seconds to allow time for cleaniing the nozzle and build plate if needed\nG92 E0\n;Put printing message on LCD screen\nM117 Printing...
toolchange_gcode = 
use_firmware_retraction = 0
use_relative_e_distances = 0
use_volumetric_e = 0
variable_layer_height = 1
wipe = 1
z_offset = 0
